0.035670
0.050017
0.089733
0.125527
0.217581
0.018644
0.024673
0.038320
0.054913
0.089182
0.100891
0.147743
0.204169
0.328251
0.483463
0.021337
0.039672
0.075948
0.138600
0.271568
0.022967
0.036333
0.089956
0.252900
0.750371
0.062843
0.093086
0.155538
0.238154
0.457341
0.123290
0.278251
0.333650
0.559227
1.100197
0.128526
0.209163
0.321209
0.458519
0.639481
0.052347
0.098321
0.181135
0.350497
0.868993
0.026471
0.050498
0.104155
0.318160
0.624445
0.030239
0.038459
0.080404
0.224946
0.684595
0.028704
0.022558
0.099227
0.047705
0.110492
0.049321
0.093936
0.067533
0.149383
0.849465
0.078791
0.099294
0.213723
0.404336
0.681406
0.790903
1.401168
1.841756
2.093897
2.142413
0.601179
1.001301
1.845488
2.882989
3.382492
0.401654
0.721359
1.021713
1.510629
2.154634
0.071182
0.101739
0.138594
0.190624
0.279565
0.044804
0.062621
0.104372
0.148129
0.232663
0.020481
0.029200
0.042338
0.088856
0.209354
0.051869
0.082131
0.142664
0.199057
0.410730
0.064343
0.157374
0.421913
0.486765
1.147265
0.030130
0.051675
0.072846
0.116942
0.421310
0.035472
0.065089
0.134549
0.243481
0.886701
0.049073
0.074464
0.106076
0.172848
0.253904
0.027085
0.035860
0.048754
0.081362
0.124909
0.146011
0.182121
0.291300
0.383853
0.592821
0.039027
0.072757
0.135972
0.262361
0.523185
0.026686
0.041493
0.098955
0.269049
0.777692
0.096174
0.155081
0.290465
0.447343
0.756259
0.280771
0.310042
0.605351
0.646476
1.219066
0.074449
0.121982
0.190065
0.285023
0.413463
0.079105
0.129488
0.218977
0.385633
1.090296
0.031615
0.054252
0.146304
0.479265
0.867187
0.047055
0.123467
0.339405
1.023007
2.880165
0.047228
0.031542
0.186765
0.352754
1.655307
0.044090
0.101225
0.141472
0.305676
1.128408
0.136965
0.064284
0.167706
0.284627
0.611812
1.028479
1.643759
1.798185
1.767224
1.677993
0.338273
0.659039
0.975432
2.504080
1.783563
0.267826
0.465789
0.726658
0.914747
1.611992
0.065715
0.087226
0.126515
0.181592
0.246108
0.049973
0.070677
0.102075
0.177674
0.286480
0.030185
0.066813
0.153413
0.379056
1.124682
0.091899
0.139771
0.277437
0.590446
1.090052
0.117442
0.210077
0.403251
0.894614
1.982954
0.032243
0.075120
0.259911
0.541559
1.130573
0.049342
0.108146
0.272671
0.914609
3.020798
0.048803
0.069417
0.100597
0.155613
0.253261
0.023669
0.036170
0.053955
0.073242
0.123448
0.122932
0.166683
0.266975
0.379684
0.577984
0.045169
0.075759
0.124887
0.219246
0.391539
0.027908
0.043291
0.101908
0.275543
0.834440
0.088167
0.112591
0.185815
0.311339
0.531959
0.448467
0.942721
1.186067
1.504236
2.091098
0.052522
0.088633
0.149685
0.252762
0.427753
0.066478
0.096590
0.186931
0.404908
1.107210
0.053698
0.061929
0.144289
0.562877
1.378289
0.072036
0.153418
0.407642
0.751988
1.935344
0.029924
0.042909
0.156046
0.119861
1.775955
0.043914
0.074372
0.112776
0.186389
0.379217
0.136717
0.095981
0.163765
0.275852
0.368031
0.796156
1.184423
1.338019
1.509842
1.705984
0.562248
0.998961
1.646559
2.936570
2.774566
0.413476
0.705942
1.090233
1.452975
2.414922
0.079049
0.107799
0.150473
0.208327
0.296942
0.063064
0.094751
0.143585
0.210896
0.341317
0.062376
0.107620
0.225782
0.541417
1.195254
0.102093
0.163335
0.264140
0.434612
1.107669
0.071615
0.159179
0.226391
0.745551
1.332466
0.031555
0.069055
0.234221
0.360608
0.653207
0.063225
0.118355
0.271400
0.901965
2.192838
0.040667
0.070235
0.090545
0.144872
0.260366
0.021798
0.031111
0.042583
0.061737
0.093331
0.127071
0.157222
0.249894
0.351308
0.450975
0.031831
0.055332
0.099481
0.201399
0.425114
0.025514
0.040050
0.098172
0.273446
0.819302
0.082900
0.178318
0.247516
0.438586
0.728946
0.240736
0.493048
0.653629
1.249131
1.994142
0.035647
0.059883
0.099697
0.167843
0.271331
0.070792
0.106094
0.179772
0.365137
1.157966
0.025704
0.053508
0.125145
0.343071
0.872947
0.066317
0.207201
0.425637
1.369001
2.616922
0.038298
0.044251
0.074907
0.138424
1.071845
0.050881
0.069766
0.101168
0.366725
0.680547
0.211737
0.102363
0.176639
0.255586
0.411279
0.873963
1.371468
1.643020
1.821165
2.097641
0.498283
0.854430
1.475963
2.713257
2.406302
0.413129
0.741779
1.057884
1.526483
2.244716
0.084793
0.118452
0.164114
0.232095
0.325834
0.037971
0.060578
0.090661
0.126206
0.194283
0.036568
0.092583
0.248122
0.638474
1.289003
0.085738
0.135803
0.243721
0.440310
1.481966
0.144855
0.235386
0.457230
0.768806
2.517220
0.034130
0.152757
0.223977
0.350992
1.363393
0.068925
0.160306
0.379158
0.994373
3.282834
0.041523
0.058663
0.093592
0.143996
0.233971
0.026689
0.033888
0.047619
0.068586
0.120538
0.114796
0.139713
0.195221
0.311021
0.425401
0.044222
0.066673
0.106693
0.176226
0.303047
0.031923
0.047465
0.100852
0.255242
0.741747
0.075428
0.123030
0.185727
0.318014
0.590916
0.114108
0.195002
0.283801
0.598540
1.040732
0.200605
0.322414
0.490210
0.702073
0.940579
0.073859
0.129335
0.245027
0.501357
1.233035
0.045804
0.071896
0.156232
0.316239
0.543180
0.046096
0.067371
0.123549
0.249884
0.446527
0.028609
0.036945
0.056953
0.090184
0.236032
0.056603
0.044353
0.129757
0.236926
0.429995
0.107348
0.169072
0.437755
0.636399
1.112489
1.212812
1.501602
1.650415
2.023687
0.851112
0.455795
0.763064
1.448472
2.354591
2.716931
0.539980
0.758370
1.424743
1.488769
2.977286
0.102516
0.146824
0.210395
0.299570
0.426844
0.086995
0.128969
0.188444
0.283330
0.418562
0.043542
0.068396
0.092633
0.136556
0.250475
0.066756
0.102022
0.166869
0.284306
0.592948
0.056156
0.116785
0.222156
0.544684
1.073961
0.057657
0.098098
0.131812
0.162612
0.244663
0.064262
0.102079
0.179702
0.324048
0.597847
0.044128
0.057811
0.084721
0.136415
0.194647
0.021659
0.033021
0.049814
0.068202
0.107385
0.085936
0.133775
0.193768
0.254243
0.382534
0.028584
0.043141
0.070050
0.122874
0.206701
0.031203
0.045658
0.092036
0.212087
0.563470
0.033301
0.079113
0.125447
0.225259
0.383021
0.141426
0.263276
0.428692
0.722082
1.022447
0.093769
0.151866
0.230167
0.327384
0.463077
0.054711
0.096279
0.201485
0.378117
0.961082
0.028138
0.048146
0.089410
0.241202
0.562853
0.032844
0.052351
0.090637
0.200887
0.686556
0.018895
0.028361
0.033629
0.058608
0.067506
0.032899
0.050319
0.074867
0.147223
0.334897
0.090301
0.076642
0.254798
0.378518
0.761770
0.738490
0.909577
1.036890
1.111707
0.952661
0.371866
0.658720
1.093698
1.971146
1.967025
0.365691
0.670374
0.961938
1.417694
2.231586
0.092657
0.131395
0.184216
0.257912
0.372243
0.058088
0.084993
0.132985
0.203747
0.307654
0.024967
0.036310
0.056172
0.100284
0.216727
0.066929
0.100117
0.161632
0.266313
0.520211
0.095403
0.187005
0.348155
0.363801
0.730281
0.024486
0.041844
0.070167
0.094927
0.424571
0.033271
0.060819
0.114774
0.234334
0.637420
0.042122
0.056066
0.094766
0.142393
0.246313
0.019359
0.026121
0.043774
0.060742
0.099882
0.107450
0.167577
0.271312
0.330965
0.478682
0.031562
0.060507
0.115538
0.231395
0.438634
0.025122
0.039104
0.095844
0.267819
0.839413
0.060409
0.091146
0.156353
0.284755
0.485688
0.217587
0.345059
0.664351
1.144208
1.546185
0.085065
0.141821
0.236603
0.394047
0.580327
0.070142
0.098542
0.219004
0.370668
1.052479
0.031144
0.050766
0.114055
0.360923
0.826195
0.069050
0.119281
0.239394
0.434810
0.945044
0.038609
0.024950
0.054835
0.124929
0.286927
0.033878
0.103412
0.113241
0.182519
0.351203
0.160883
0.111298
0.296774
0.384339
0.718766
0.822651
1.409851
1.596594
1.772393
1.373162
0.600013
1.050556
1.770655
3.204179
2.985038
0.445874
0.769837
1.111571
1.529455
2.341463
0.095042
0.136928
0.194838
0.279832
0.398247
0.045823
0.069419
0.095505
0.154542
0.266806
0.039181
0.072175
0.159574
0.309351
0.748230
0.083993
0.125130
0.202510
0.342563
0.812689
0.096501
0.169498
0.361994
0.542214
2.132548
0.038785
0.082214
0.242091
0.262613
0.479063
0.071226
0.141064
0.263496
0.511533
1.193596
0.039654
0.060876
0.084488
0.137477
0.213349
0.024468
0.036095
0.056719
0.077874
0.116419
0.095226
0.145023
0.201085
0.273897
0.425056
0.047277
0.066010
0.095703
0.141640
0.217990
0.031644
0.047008
0.100749
0.255192
0.744260
0.053118
0.100328
0.160566
0.280256
0.527345
0.134745
0.258672
0.367360
0.633534
0.984763
0.210119
0.339534
0.499277
0.676780
0.867343
0.068522
0.112861
0.211038
0.439958
1.196409
0.037722
0.055207
0.121599
0.307406
0.705974
0.040879
0.052364
0.117097
0.230539
0.411025
0.020895
0.026433
0.075341
0.150219
0.247546
0.044019
0.062937
0.316136
0.183579
0.351876
0.142594
0.196104
0.407222
0.626344
1.017852
1.438510
1.912653
2.064907
1.861421
1.617668
0.537363
0.887564
1.645539
2.479195
3.056124
0.440130
0.644828
1.211255
1.184538
2.934537
0.072855
0.103931
0.150834
0.214554
0.325869
0.063844
0.091314
0.138906
0.209565
0.307694
0.028325
0.046178
0.072957
0.126497
0.227629
0.063607
0.107729
0.158362
0.253744
0.548383
0.088709
0.152809
0.344818
0.622291
0.977695
0.053157
0.090945
0.126094
0.152666
0.187437
0.048204
0.076026
0.152922
0.263632
0.460052
0.037227
0.056599
0.082060
0.116149
0.215938
0.018957
0.025270
0.039942
0.052155
0.080151
0.104568
0.157845
0.219423
0.320061
0.499583
0.025165
0.042411
0.072460
0.125155
0.217708
0.023179
0.035430
0.083878
0.232337
0.702614
0.043343
0.066965
0.109238
0.217146
0.383889
0.283896
0.461293
0.702622
1.309338
2.077001
0.088922
0.149309
0.245656
0.394393
0.617427
0.059757
0.085923
0.169286
0.340600
0.951045
0.031777
0.048639
0.110442
0.362553
0.867851
0.044586
0.082962
0.177748
0.340572
0.906329
0.018483
0.026748
0.065623
0.107471
0.177413
0.038031
0.058207
0.087042
0.147351
0.386213
0.190267
0.102133
0.301496
0.337730
0.714557
0.855102
1.147720
1.598066
1.708826
1.708451
0.645623
1.053893
2.088424
2.865580
3.921016
0.400198
0.643657
1.076678
1.232007
2.498291
0.094402
0.134930
0.191971
0.269149
0.378319
0.045304
0.060329
0.097370
0.148363
0.213486
0.028981
0.062122
0.129465
0.260482
0.795713
0.077187
0.121779
0.193554
0.304525
0.982057
0.092404
0.154153
0.298808
0.878619
1.248579
0.030872
0.052233
0.101583
0.238687
0.366440
0.053793
0.096054
0.194143
0.432812
1.073032
0.042433
0.063347
0.103788
0.147000
0.219867
0.025407
0.033096
0.046067
0.077037
0.105916
0.099602
0.158887
0.231240
0.331828
0.483682
0.054907
0.074624
0.110473
0.171468
0.279715
0.028845
0.043257
0.095499
0.245263
0.728507
0.035035
0.085651
0.127800
0.211423
0.392615
0.324529
0.583582
0.976315
1.691740
2.335245
0.076304
0.127181
0.206846
0.331506
0.532953
0.055888
0.092250
0.200670
0.338826
0.905537
0.044326
0.058101
0.122041
0.396758
0.920587
0.052448
0.113737
0.224827
0.555554
1.508910
0.039963
0.032325
0.099297
0.171226
0.230511
0.081908
0.064313
0.077297
0.146378
1.157133
0.117873
0.123589
0.259338
0.432537
0.651481
0.800915
1.271811
1.418755
1.613040
2.536338
0.630442
1.052948
2.011162
3.039524
3.880538
0.347241
0.621159
0.940460
1.284906
2.210253
0.106852
0.152969
0.217852
0.311139
0.417196
0.058974
0.084206
0.121155
0.186212
0.271770
0.040655
0.071052
0.145544
0.325932
0.706371
0.082928
0.130832
0.214296
0.335235
0.863838
0.070462
0.163909
0.296282
0.355125
0.809226
0.029134
0.061190
0.248670
0.365677
0.519084
0.068084
0.104406
0.196004
0.425603
1.469361
0.039122
0.065880
0.105365
0.166258
0.283266
0.019751
0.027269
0.041892
0.069062
0.118936
0.120145
0.177381
0.205014
0.323468
0.489080
0.026349
0.042548
0.077990
0.146188
0.277848
0.026288
0.044740
0.120088
0.333199
0.959995
0.116355
0.165769
0.281646
0.445609
0.705518
0.119952
0.316778
0.625567
0.986043
1.309587
0.120436
0.193085
0.292737
0.429178
0.625328
0.062411
0.097582
0.206511
0.453720
1.220150
0.025351
0.044585
0.119670
0.345435
0.856835
0.046229
0.057806
0.130414
0.249571
0.754369
0.027625
1.089816
0.073712
0.088737
0.335272
0.063236
0.075474
0.114000
0.347128
0.369444
0.093489
0.104336
0.383368
0.662736
0.969407
0.948982
1.366606
1.710973
2.227360
0.465831
0.608755
1.064184
1.797657
3.196633
2.981261
0.485047
0.843247
1.242579
1.703840
2.709970
0.120324
0.166972
0.236855
0.334353
0.468307
0.045186
0.063236
0.111372
0.161118
0.275879
0.023644
0.039675
0.070872
0.130211
0.328903
0.054073
0.101904
0.161447
0.321649
0.733581
0.085197
0.226536
0.710924
1.123558
1.498562
0.037196
0.062540
0.085995
0.142964
0.425157
0.040715
0.075513
0.156862
0.323425
0.815176
0.037443
0.060094
0.073532
0.119130
0.164831
0.020471
0.029436
0.041670
0.062974
0.094130
0.100564
0.161795
0.190606
0.279743
0.395063
0.027417
0.042620
0.070949
0.122313
0.209431
0.025204
0.036213
0.070343
0.154559
0.395121
0.042997
0.059836
0.093867
0.155079
0.323314
0.220008
0.309189
0.659256
0.897386
1.295437
0.042702
0.072088
0.120704
0.203782
0.338187
0.057370
0.085107
0.159931
0.348749
0.915194
0.035629
0.050316
0.104443
0.331838
0.766994
0.041973
0.098187
0.326163
0.605354
1.816562
0.025014
0.051913
0.059713
0.225059
0.654541
0.026071
0.031895
0.059759
0.136167
0.326603
0.129293
0.113844
0.242136
0.338970
0.594079
1.083684
1.366564
1.446590
1.824144
0.978212
0.382992
0.562226
1.387110
1.436809
3.013905
0.318457
0.563046
0.870799
1.104637
1.984554
0.094645
0.136359
0.192033
0.272384
0.392150
0.051516
0.065997
0.099778
0.152464
0.226582
0.028554
0.058521
0.121152
0.323407
0.772979
0.072620
0.124417
0.226501
0.368271
1.104023
0.087660
0.129495
0.226213
1.042412
1.202509
0.024656
0.051255
0.228951
0.283833
0.404396
0.036338
0.070649
0.166380
0.468544
1.466243
0.041744
0.055049
0.095969
0.146861
0.204950
0.022578
0.035716
0.049556
0.069355
0.114109
0.102242
0.166341
0.219987
0.288255
0.473361
0.033648
0.045008
0.066439
0.102392
0.178664
0.026511
0.039909
0.088428
0.234649
0.704605
0.058544
0.095029
0.143676
0.274819
0.494584
0.075745
0.122248
0.185061
0.413017
1.190390
0.237421
0.367031
0.512464
0.648084
0.776361
0.070545
0.136031
0.269478
0.573695
1.292441
0.036386
0.060555
0.132249
0.323076
0.552414
0.036858
0.057402
0.087542
0.193635
0.381305
0.016086
0.019484
0.052376
0.041572
0.090175
0.044352
0.080013
0.080388
0.167529
0.325810
0.094402
0.151748
0.434550
0.636557
1.164697
0.811524
0.987466
1.194999
1.236266
1.152127
0.554266
0.878688
1.779957
2.435187
3.275753
0.528053
0.802027
1.369245
1.548847
2.999107
0.067802
0.094547
0.134871
0.191179
0.269902
0.063192
0.081942
0.121018
0.167327
0.294879
0.026174
0.038520
0.055147
0.083002
0.129843
0.058047
0.086453
0.138179
0.226100
0.435341
0.080148
0.159334
0.361087
0.656094
1.018173
0.041889
0.071323
0.097550
0.118913
0.192201
0.037740
0.075069
0.114529
0.250599
0.494603
0.032311
0.053710
0.080458
0.150997
0.221306
0.016374
0.024042
0.036597
0.050569
0.091396
0.096252
0.137993
0.179111
0.277432
0.461164
0.017309
0.028067
0.051249
0.098280
0.190909
0.021569
0.034498
0.087944
0.249281
0.751388
0.057745
0.115896
0.207702
0.313702
0.600230
0.073738
0.153283
0.399704
0.801313
1.455727
0.100019
0.164233
0.260236
0.395480
0.579629
0.054461
0.087600
0.166445
0.337854
1.090160
0.028895
0.043864
0.103646
0.261896
0.566470
0.029915
0.042675
0.097663
0.204640
0.591862
0.021291
0.029643
0.088336
0.058295
0.094669
0.045484
0.051712
0.084963
0.110534
0.243571
0.084702
0.106433
0.276805
0.531903
0.930354
1.012563
1.297909
1.372405
1.471016
0.975273
0.596245
0.939937
1.866800
2.781216
3.279001
0.470784
0.822510
1.269646
1.624157
2.841343
0.063050
0.091582
0.130457
0.184216
0.262736
0.037038
0.063645
0.095951
0.146905
0.255020
0.020241
0.029203
0.053067
0.117536
0.253020
0.053318
0.079321
0.137676
0.237860
0.529673
0.050262
0.122761
0.213826
0.591640
1.160863
0.030138
0.052789
0.087352
0.116883
0.300936
0.027386
0.052188
0.107590
0.210904
0.518073
0.051274
0.069297
0.110090
0.160297
0.293405
0.029692
0.043749
0.063113
0.088678
0.138256
0.120239
0.186691
0.237161
0.349578
0.500238
0.051660
0.076598
0.122168
0.206461
0.357392
0.034370
0.053036
0.121311
0.312507
0.843660
0.135145
0.183012
0.313960
0.464792
0.743555
0.320606
0.494751
0.596173
0.976536
1.878553
0.054861
0.090801
0.151289
0.254992
0.406026
0.068457
0.111523
0.194592
0.489451
1.307775
0.038439
0.054253
0.128247
0.352121
0.851302
0.063320
0.128500
0.381795
0.918194
1.768924
0.110209
0.160339
0.158370
0.252091
0.534295
0.111246
0.086674
0.200981
0.335020
0.611908
0.217142
0.097572
0.210653
0.372179
0.665824
0.809503
1.550447
1.911428
2.095986
1.656300
0.339530
0.601370
1.064057
1.973713
2.021257
0.385387
0.558678
1.060692
1.163701
2.435366
0.101824
0.146619
0.212247
0.304475
0.425925
0.076923
0.112403
0.166299
0.245435
0.341062
0.036451
0.072003
0.143118
0.384142
1.168968
0.104840
0.163143
0.296345
0.546302
1.152332
0.078982
0.136027
0.342912
0.470413
0.871426
0.032548
0.062570
0.162568
0.253005
0.338065
0.050891
0.100312
0.259862
0.677979
1.643124
0.043398
0.067195
0.098292
0.159310
0.224168
0.020785
0.035723
0.046395
0.074719
0.117730
0.107155
0.160307
0.247862
0.342910
0.515329
0.032663
0.060893
0.121593
0.241274
0.460085
0.031140
0.047673
0.107772
0.273348
0.790226
0.050973
0.089210
0.132479
0.281276
0.467897
0.323785
0.542169
1.179814
1.990594
2.842027
0.077484
0.125568
0.190400
0.279417
0.425167
0.061375
0.098489
0.196384
0.357847
0.960641
0.036828
0.051342
0.116235
0.414899
1.102037
0.050750
0.115342
0.282939
1.350198
2.708325
0.025037
0.027707
0.027815
0.146859
0.254997
0.046603
0.053658
0.118435
0.123316
0.377407
0.126162
0.071947
0.158705
0.326751
0.485886
0.844909
1.535373
1.993089
2.488865
1.220508
0.613941
1.001037
1.917738
3.010416
3.250592
0.388922
0.711679
1.057623
1.405334
2.408060
0.051364
0.076706
0.109473
0.153578
0.230779
0.058910
0.086622
0.134031
0.185847
0.299970
0.029523
0.048234
0.111844
0.340178
0.860250
0.085081
0.130349
0.223208
0.341797
1.835630
0.106078
0.169257
0.353803
0.906552
1.696014
0.038565
0.184132
0.322342
0.642045
3.695647
0.055065
0.133821
0.253503
1.088638
3.747664
0.042138
0.066502
0.104240
0.173404
0.280997
0.018440
0.027457
0.044258
0.071489
0.119455
0.116327
0.170242
0.225809
0.329157
0.462810
0.035105
0.059663
0.116434
0.229317
0.436366
0.028126
0.047728
0.125587
0.339914
0.917176
0.167914
0.216658
0.331038
0.480012
0.839829
0.154457
0.378550
0.630341
1.018188
1.426277
0.112440
0.177980
0.264778
0.368739
0.482689
0.062958
0.100842
0.185596
0.439929
1.283749
0.041400
0.042182
0.118706
0.308154
0.762789
0.054855
0.146231
0.241186
0.655832
1.378514
0.025928
0.032332
0.987877
0.087519
0.310606
0.053750
0.205385
0.116694
0.209690
0.986651
0.133217
0.161785
0.466603
0.465159
0.875306
0.894437
1.463173
1.758346
1.930684
1.501998
0.520717
0.860680
1.593912
2.421155
2.894211
0.548992
0.997713
1.388205
2.000533
2.862224
0.049901
0.070388
0.097354
0.139125
0.144710
0.040309
0.066731
0.096148
0.157703
0.245136
0.031004
0.060388
0.140343
0.292967
0.719510
0.076811
0.139373
0.219664
0.458516
1.002553
0.178826
0.289878
0.442057
0.793556
2.023214
0.047855
0.080015
0.297033
0.405356
0.683152
0.070210
0.157016
0.287958
0.544389
1.819406
0.049393
0.069638
0.098178
0.174569
0.249870
0.024103
0.034397
0.054887
0.078882
0.127137
0.134407
0.158037
0.244903
0.332722
0.508722
0.050562
0.072030
0.107099
0.170937
0.295792
0.032409
0.049688
0.113089
0.293490
0.812773
0.078074
0.195678
0.312821
0.526265
0.804782
0.177623
0.370261
0.626768
0.797342
1.266947
0.132584
0.215072
0.333068
0.475533
0.609879
0.076883
0.105715
0.225016
0.488830
1.213859
0.040108
0.067504
0.149073
0.380927
0.716188
0.056439
0.083210
0.154294
0.253248
0.823598
0.027353
0.060389
0.057146
0.181650
0.266037
0.077948
0.126487
0.161264
0.316044
0.676031
0.129074
0.119868
0.341928
0.613077
0.963516
0.895865
1.411216
1.584042
1.834250
1.233923
0.347609
0.618575
1.059303
2.078196
2.006124
0.388944
0.644216
1.030327
1.338988
2.246730
0.069449
0.097532
0.138361
0.192611
0.269905
0.076119
0.101403
0.154540
0.221179
0.348742
0.034098
0.056311
0.097545
0.190624
0.329490
0.069773
0.115237
0.191328
0.327241
0.826311
0.059377
0.115992
0.345136
0.735934
1.341502
0.038457
0.065803
0.087654
0.142805
0.341469
0.070492
0.112685
0.149265
0.284985
0.847377
0.035105
0.054599
0.074116
0.113213
0.188733
0.016725
0.023758
0.036402
0.057065
0.090790
0.096065
0.131372
0.217953
0.280318
0.340196
0.016673
0.031759
0.054272
0.083298
0.162029
0.020513
0.030991
0.072597
0.198595
0.615732
0.041832
0.060982
0.115194
0.183181
0.375647
0.182736
0.390189
0.677396
1.427394
2.066356
0.127441
0.219786
0.356409
0.521298
0.742427
0.052659
0.075976
0.152567
0.309579
1.023955
0.025695
0.043669
0.106399
0.283003
0.676644
0.037752
0.063365
0.100776
0.215535
0.603266
0.018992
0.030010
0.054106
0.128342
0.124033
0.048688
0.042606
0.134633
0.119842
0.188883
0.089942
0.165694
0.280834
0.400441
0.630531
0.858761
1.147913
1.212208
1.380807
1.721708
0.566884
0.897672
1.885645
2.531753
3.735358
0.417957
0.717046
1.141441
1.404011
2.617841
0.033593
0.046362
0.063445
0.090433
0.130210
0.041656
0.064893
0.088047
0.146765
0.229351
0.022589
0.036481
0.081749
0.171860
0.400848
0.056834
0.092676
0.166802
0.270979
0.610517
0.068934
0.149099
0.323566
0.604270
0.981134
0.042648
0.074258
0.101383
0.126534
0.215562
0.044451
0.093715
0.163477
0.290082
0.549487
0.059202
0.086342
0.118989
0.171286
0.241451
0.046066
0.064640
0.093134
0.133583
0.190971
0.081122
0.108228
0.153339
0.216130
0.313750
0.034777
0.057134
0.097931
0.170388
0.294843
0.059558
0.082396
0.143093
0.264668
0.573071
0.048631
0.071696
0.129168
0.230007
0.401390
0.244910
0.385662
0.426808
0.609027
1.121872
0.112034
0.181626
0.278588
0.401099
0.554087
0.084291
0.124232
0.228352
0.475027
1.055238
0.024326
0.051029
0.099673
0.218153
0.412721
0.047674
0.099526
0.173801
0.397835
0.949883
0.023115
0.026598
0.075128
0.131625
0.237776
0.053811
0.084960
0.232992
0.293253
0.390968
0.066266
0.108469
0.217099
0.288877
0.556243
0.835821
1.211849
1.402116
1.746526
1.588912
0.304554
0.517594
0.976996
1.596032
1.830181
0.376046
0.651271
1.053392
1.362248
2.653729
0.020860
0.030419
0.045250
0.057885
0.082845
0.093634
0.132648
0.181986
0.260462
0.375602
0.034961
0.056045
0.092447
0.220289
0.396103
0.108059
0.167437
0.256896
0.408040
0.664448
0.089292
0.137418
0.270029
0.314822
0.512294
0.041777
0.069452
0.126993
0.246478
0.424655
0.063565
0.133208
0.256203
0.406807
0.668132
0.038565
0.057453
0.081722
0.138535
0.225020
0.022380
0.028418
0.040967
0.064316
0.090834
0.107564
0.145738
0.208363
0.325142
0.381616
0.030138
0.047699
0.080604
0.146163
0.264576
0.025033
0.038246
0.088325
0.240020
0.741421
0.044028
0.067029
0.120558
0.205227
0.376857
0.397975
0.969782
1.228399
1.902583
1.253608
0.130340
0.211916
0.321846
0.464088
0.652507
0.063987
0.093048
0.209536
0.355485
0.958242
0.033720
0.064167
0.125906
0.619303
1.103636
0.039687
0.059032
0.126815
0.233609
0.672099
0.023909
0.024446
0.024646
0.067459
0.337939
0.036779
0.060948
0.064556
0.144234
0.354020
0.078081
0.098430
0.285500
0.459455
0.990274
1.021771
1.621183
1.730530
1.862572
1.028639
0.617737
1.053325
2.050159
2.835133
3.974941
0.363542
0.613233
0.977575
1.226063
2.320024
0.078954
0.111477
0.157331
0.217958
0.316030
0.050752
0.071907
0.116359
0.163899
0.255597
0.028093
0.044034
0.070449
0.127252
0.263313
0.065388
0.091535
0.166160
0.239478
0.534794
0.102249
0.193882
0.381781
0.883896
0.975443
0.031139
0.052127
0.088261
0.123523
0.391336
0.041102
0.073760
0.137611
0.284940
0.627076
0.044461
0.062928
0.091710
0.143616
0.241843
0.025165
0.037104
0.046027
0.077458
0.106820
0.126019
0.174939
0.216349
0.352003
0.492388
0.037266
0.054453
0.091156
0.162787
0.297317
0.029606
0.043895
0.094817
0.240298
0.675655
0.065987
0.110654
0.156006
0.263664
0.460742
0.257341
0.697249
0.731453
1.508482
1.919635
0.099089
0.161252
0.245448
0.356227
0.528826
0.077934
0.106320
0.216822
0.377587
1.112101
0.048431
0.073691
0.129016
0.404490
0.835059
0.046265
0.086179
0.147907
0.414067
1.413302
0.039510
0.043324
0.060440
0.124741
0.264501
0.040386
0.062877
0.091226
0.176012
0.309144
0.160419
0.123139
0.267383
0.545171
0.655910
0.638680
0.950617
1.086799
0.938521
0.851130
0.484070
0.818114
1.613428
2.295881
3.285157
0.450885
0.808287
1.181819
1.561739
2.665692
0.102263
0.143976
0.202962
0.286099
0.403965
0.055755
0.091705
0.134149
0.201676
0.363725
0.030857
0.044526
0.082978
0.171817
0.440700
0.067956
0.108269
0.192759
0.371613
0.796320
0.103882
0.209536
0.373570
0.644744
1.058162
0.038519
0.065653
0.115028
0.251205
0.438629
0.054878
0.106425
0.201925
0.357130
1.301747
0.046677
0.067476
0.101085
0.150853
0.271760
0.025524
0.037831
0.058596
0.081922
0.131409
0.112016
0.155996
0.251004
0.343065
0.474949
0.048793
0.074014
0.110941
0.168451
0.267616
0.032277
0.048884
0.110577
0.288012
0.854346
0.049513
0.085574
0.142344
0.255193
0.456374
0.298860
0.602796
1.029168
1.725428
2.145630
0.105665
0.170920
0.271384
0.395520
0.516736
0.060471
0.089674
0.220415
0.379518
1.068722
0.038322
0.050450
0.111527
0.350697
0.934894
0.070189
0.145813
0.329667
0.708885
1.495260
0.040904
0.036611
0.148470
0.211306
0.391965
0.135973
0.064063
0.286150
0.179029
0.389679
0.114711
0.088316
0.192917
0.315062
0.439233
0.961486
1.377737
1.688832
2.218220
1.430225
0.582893
1.045561
1.774629
2.960187
3.201644
0.405851
0.687762
1.120330
1.369057
2.594580
0.115629
0.161457
0.224298
0.317213
0.436451
0.059994
0.090817
0.141662
0.209426
0.352320
0.044080
0.101395
0.235730
0.492506
1.014509
0.098483
0.148983
0.256183
0.468111
1.084238
0.091345
0.193364
0.428483
0.537612
0.986394
0.046815
0.098111
0.255311
0.340644
0.479789
0.080073
0.172556
0.322392
0.587666
1.368662
0.042879
0.066955
0.098429
0.149077
0.255063
0.024302
0.033784
0.049404
0.073569
0.103740
0.120279
0.159719
0.221174
0.322579
0.538942
0.055220
0.080277
0.124876
0.204859
0.347591
0.029012
0.044340
0.101701
0.273727
0.820602
0.053993
0.112294
0.190606
0.332499
0.595157
0.200854
0.390965
0.705591
1.296296
2.312501
0.129012
0.209289
0.319405
0.456765
0.617655
0.067529
0.124091
0.205326
0.470890
1.153939
0.051547
0.073516
0.144328
0.314796
0.717732
0.058279
0.094089
0.159740
0.381822
1.149481
0.066869
0.037924
0.044370
0.084200
0.216042
0.066957
0.060590
0.092670
0.124769
0.657920
0.113389
0.124867
0.252312
0.597270
1.090425
0.933355
1.652753
1.925876
2.374527
1.665800
0.597572
0.981616
1.820947
2.946013
3.136195
0.436393
0.709559
1.150035
1.515442
2.563304
0.061927
0.088950
0.129133
0.176093
0.252938
0.065281
0.087601
0.128246
0.184721
0.298043
0.041745
0.068880
0.108921
0.210843
0.443454
0.078984
0.130268
0.193820
0.299122
0.655032
0.079725
0.182888
0.460695
0.660627
1.569023
0.032587
0.056087
0.095860
0.138810
0.555839
0.070850
0.103788
0.183302
0.360225
0.981738
0.066834
0.107736
0.159181
0.232866
0.348510
0.041930
0.060512
0.081579
0.126931
0.198567
0.123092
0.157594
0.246281
0.344565
0.531841
0.161623
0.233345
0.329967
0.466796
0.643455
0.067173
0.098848
0.193392
0.401375
0.938639
0.060374
0.098427
0.150646
0.259659
0.470011
0.416690
0.610662
0.774684
1.300048
2.129968
1.480635
2.247536
2.777651
3.012197
3.161321
0.095546
0.155080
0.310163
0.761896
1.562222
0.349579
0.329699
0.521345
1.062861
2.015274
0.134509
0.174981
0.297963
0.479794
0.932717
0.336352
0.379052
0.391631
0.416431
0.584048
0.184963
0.141318
0.380819
0.480649
0.928509
0.043480
0.103445
0.156396
0.302412
0.489928
1.298290
0.749673
1.165178
1.880598
1.405449
0.493919
0.839087
1.563987
2.519385
2.997622
0.499302
0.726912
1.302966
1.473136
2.759305
0.161863
0.224894
0.334953
0.462525
0.656031
0.130642
0.188213
0.285981
0.436013
0.650871
0.064833
0.101453
0.162713
0.249376
0.370829
0.137361
0.201341
0.182584
0.485823
0.790610
0.067798
0.124801
0.260272
0.599045
1.046402
0.155974
0.268150
0.371900
0.463544
0.566171
0.131490
0.225335
0.390227
0.584050
0.862409
